3333.88 3307.38
3304.98 3287.36
3297.1 3273.2
3300.57 3269.28
3280.57 3251.05
3292.57 3252.43
3314.21 3268.88
3288.8 3242.76
3188.24 3110.66
3134.28 3091.46
3172.78 3143.57
3165.21 3117.53
3174.51 3098.25
3177.72 3152.89
3192.34 3159.99
3144.33 3119.13
3163.34 3128.87
3146.09 3110.3
3190.65 3139.08
3220.85 3191.59
3205.25 3177.05
3197.9 3155.51
3153.11 3096.1
3118.76 3064.03
3096.89 3041.63
3127.44 3090.29
3111.17 3065.92
3085.06 3045.94
3136.04 3069.75
3122.91 3107
3121.93 3067.93
3088.03 3049.91
3097.6 3064.76
3105.66 3056.16
3104.09 3086.78
3136.84 3091.66
3169.7 3134.06
3165.37 3145.66
3176.14 3155.53
3180.76 3162.21
3183.82 3163.48
3192.81 3164.52
3191.95 3166.81
3172.77 3148.62
3193.45 3144.78
3219.74 3203.34
3214.59 3192.23
3205.44 3168.96
3173.53 3152.07
3156.73 3131.07
3149.66 3115.96
3143.21 3112.15
3085.4 3041
3098.08 3054.27
3102.09 3059.79
3098.4 3076.99
3114.77 3080.05
3117.53 3103.53
3128.72 3105.58
3100.68 3053.29
3063.61 3037.91
3081.45 3034.1
3071.46 3044.12
3066.05 3032.41
3048.8 3008.73
2984.97 2871.35
2925.56 2872.16
2940.59 2872.62
2891.97 2837.14
2908.62 2857.87
2850.24 2803.79
2854.26 2798.8
2825.99 2782.45
2848.37 2782.38
2845.68 2756.81
2786.89 2722.45
2793.18 2754.16
2777.52 2727.94
2768.87 2691.02
2815.79 2752.45
2828.49 2800.63
2794.36 2752.44
2844.19 2771.04
2835.46 2818.85
2837.51 2804.49
2806.92 2774.76
2818.4 2786.04
2805.01 2764.49
2837.86 2753.84
2863.57 2809.62
2911.46 2862.27
2912.31 2894.04
2915.3 2875.7
2889.69 2864.11
2896.01 2850.3
2884.68 2854.32
2897.4 2823.93
2815.34 2726.48
2777.66 2740.43
2760.47 2692.32
2779.37 2696.04
2779.91 2741.07
2801.66 2726.22
2806.12 2777.51
2789.8 2742.56
2789.44 2766.57
2777.7 2721.24
2732.95 2672.74
2730.33 2665.59
2698.47 2653.11
2739.17 2696.29
2731.96 2709.06
2736.01 2700.8
2748.82 2705.32
2780.9 2736.32
2791.39 2769.4
2778.54 2762.35
2780.53 2736.35
2744.63 2710.54
2722.85 2692.36
2756.61 2712.38
2745.47 2704.34
2719.41 2683.74
2728.55 2683.72
2703.43 2667.32
2680.57 2652.7
2672.07 2647.17
2689.06 2653.19
2694.92 2675.29
2671.29 2647.92
2700.19 2644.3
2746.08 2690.99
2743.96 2724.08
2797.49 2722.03
2790.03 2771.16
2827.34 2783.34
2810.51 2786.32
2821.76 2791.84
2771.94 2710.18
2734.31 2711.2
2743.55 2703.06
2661.29 2560.32
2615.92 2536.67
2611.97 2564.74
2597.72 2536.44
2582.55 2517.57
2544.91 2485.62
2553.39 2449.2
2675.41 2565.64
2659.81 2583.26
2640.4 2577.77
2606.1 2531.53
2626.12 2580.85
2595.54 2529.19
2586.92 2521.78
2612.92 2567.03
2636.8 2603.65
2676.48 2628.87
2673.19 2639.27
2660.86 2635.32
2675.68 2639.25
2662.37 2632.3
2621.24 2598.16
2631.17 2590.21
2666.49 2597.35
2658.31 2627.96
2668.17 2631.89
2695.57 2657.03
2703.51 2674.18
2690.83 2643.36
2653.8 2617.78
2658 2634.48
2642.04 2577.35
2595 2568.04
2592.54 2566.17
2601.96 2561.56
2617.55 2567.44
2590.21 2555.32
2665.3 2629.18
2666.08 2644.9
2660.39 2625.91
2633.68 2603.13
2614.58 2599.28
2599.76 2576.24
2596.15 2583.2
2610.01 2595.07
2645.84 2599.46
2629.16 2593.74
2598.97 2573.87
2599.15 2563.57
2579.87 2547.08
2554.86 2516.02
2527.42 2498.69
2529.44 2500.44
2513.96 2462.84
2513.83 2492.08
2532 2483.09
2505.11 2478.33
2500.28 2456.42
2488.48 2455.93
2515.32 2440.91
2536.98 2515.51
2531.35 2520.16
2574.41 2536.16
2551.83 2531.66
2554.79 2533.36
2556.29 2533.01
2571.5 2532.43
2574.24 2563.01
2582.56 2557.71
2598.88 2565.9
2618.98 2599.06
2609.64 2573.06
2589.51 2572.41
2597.29 2569.7
2617 2595.63
2630.32 2591.1
2601.74 2559.98
2598.82 2575.41
2606.63 2571.58
2618.48 2590.55
2654.1 2613.17
2674.48 2648.83
2727.08 2666.52
2729.46 2707.49
2715.63 2679.79
2754.36 2699.82
2780.78 2737.59
2767.41 2739.98
2794.01 2744.98
2804.23 2736.33
2961.8 2838.39
2995.68 2938.62
2997.49 2924.64
2965.3 2930.2
2994.01 2930.83
3090.8 3006.94
3054.96 3009.45
3103.83 3050.11
3129.94 3074.98
3075.05 2969.58
3028.25 2963.58
3093.39 3029.9
3065.29 3013.93
3041.16 2968.82
3048.12 2999.43
3096.42 3009.51
3113.43 3076.36
3102.52 3053.45
3125.02 3086.85
3107.28 3064.88
3087 3041.95
3062.69 2988.49
3022.76 2987.77
3025.78 2991.78
3093.03 2999.99
3176.62 3111.66
3193.27 3164.91
3219.26 3152.33
3254.14 3216.85
3288.45 3210.52
3251.65 3215.7
3264.78 3204.88
3254.13 3185.55
3199.28 3168.04
3253.98 3177.27
3253.6 3153.21
3275.33 3239.8
3271.39 3241.83
3274.33 3226.81
3279.49 3206.88
3231.58 3186.76
3210.65 3156.61
3193.75 3123.03
3129.21 3085.81
3107.76 3050.03
3088.41 3052.62
2986.54 2876.47
2937.28 2889.07
2929.43 2866.7
2888.86 2845.04
2941.45 2838.38
2921.41 2892.17
2909.2 2872.83
2945.39 2902.64
2956.17 2929.06
2956.78 2873.8
2882.63 2838.45
2919.24 2862.5
2912.4 2879.64
2885.14 2846.96
2871.86 2846.02
2898.13 2833.04
2924.04 2887.08
2934.98 2890.66
2907.85 2881.38
2922.91 2895.58
2920.83 2875.9
2888.39 2851.97
2888.77 2858.57
2862.33 2822.19
2861.13 2824.36
2927.43 2854.07
2924.7 2903.88
2918.42 2885.92
2924.32 2879.66
2902.48 2877.39
2898.33 2874.31
2953.34 2916.22
2997.39 2915.09
3010.35 2989.25
3012.83 2994.42
3004.91 2948.99
2986.91 2958.46
3011.54 2981.05
2992.24 2961.22
3045.37 3014.69
3048.48 3033.78
3031.83 3006.32
3024.5 2991.91
3014.85 2990.92
2997.81 2918.72
2937.76 2912.81
2936.75 2908.16
2945.8 2907.89
2938.53 2905.81
2955 2886.7
2944.82 2931.29
2942.07 2924.46
2921.74 2901.18
2939.6 2909.68
2927.16 2879.69
2901.36 2883.05
2936.45 2907.79
2937.36 2916.15
2948.33 2924.45
2948.47 2932.98
2965.63 2946.26
2944.4 2926.49
2927.34 2901.75
2872.47 2851.44
2863.69 2821.5
2787.42 2733.92
2792.69 2768.68
2799.69 2782.24
2808.33 2770.48
2814.99 2776.62
2802.04 2790.61
2829.89 2807.72
2815.9 2756.83
2840.32 2811.8
2883.1 2829.85
2892.08 2875
2885.59 2872.56
2888.5 2867.55
2902.46 2878.74
2870.49 2849.24
2919.64 2879.41
2905.44 2887.01
2898.6 2878.59
2914.58 2874.1
2928.48 2883.68
2930.15 2915.2
2957.41 2925.88
3015.84 2972.66
2999.94 2981.6
3026.24 3005.69
3027.41 3005.38
3030.56 3004.22
3033.47 3005.19
3042.93 3020.05
3023.71 2970.57
2996.4 2982.4
2999.28 2975.4
3011.34 2996.19
2998.4 2960.83
3002.9 2973.76
2977.67 2955.43
2970.04 2928.26
2939.08 2920.93
2936.48 2905.19
2933.02 2905.76
2924.86 2891.54
2949.24 2918.23
2980.79 2943.01
3026.38 2989.81
3005.66 2986.3
3010.42 2975.92
2986.72 2969.57
2987.2 2933.24
2940.32 2917.69
2954.64 2934.39
2957.3 2934.63
2953.04 2927.06
2958.24 2920.52
2980.13 2956.96
2979.04 2954.18
2953.3 2934.83
2946.75 2923.52
2959.83 2917.15
2983.06 2964.58
3008.31 2968.03
2995.56 2969.72
2988.96 2969.12
2998.76 2962.84
2949.96 2906.77
2918.3 2891.51
2913.86 2893.97
2917.37 2899.62
2917.83 2891.2
2911.38 2884.09
2933.99 2902.86
2930.49 2907.42
2910.36 2891.53
2925.02 2873.99
2906.61 2880.65
2915.04 2897.93
2914.49 2893.42
2909.84 2883.43
2892.39 2858.58
